0.001   1.58363   0.790517   0.499182   2.53413   1.26499
0.00114815   1.58363   0.790517   0.499181   2.53413   1.26499
0.00131826   1.58363   0.790516   0.499181   2.53412   1.26499
0.00151356   1.58363   0.790516   0.499181   2.53412   1.26499
0.0017378   1.58363   0.790515   0.49918   2.53412   1.26498
0.00199526   1.58363   0.790514   0.49918   2.53412   1.26498
0.00229087   1.58363   0.790512   0.499179   2.53411   1.26498
0.00263027   1.58363   0.790511   0.499178   2.53411   1.26497
0.00301995   1.58363   0.790508   0.499176   2.5341   1.26496
0.00346737   1.58363   0.790505   0.499174   2.53409   1.26495
0.00398107   1.58363   0.790501   0.499171   2.53408   1.26494
0.00457088   1.58363   0.790496   0.499168   2.53406   1.26492
0.00524807   1.58363   0.790489   0.499163   2.53404   1.2649
0.0060256   1.58363   0.790479   0.499157   2.53401   1.26487
0.00691831   1.58363   0.790467   0.499149   2.53398   1.26483
0.00794328   1.58363   0.790451   0.499138   2.53393   1.26478
0.00912011   1.58363   0.790429   0.499124   2.53386   1.26471
0.0104713   1.58363   0.790401   0.499106   2.53378   1.26462
0.0120226   1.58364   0.790363   0.499082   2.53367   1.26451
0.0138038   1.58364   0.790314   0.49905   2.53352   1.26435
0.0158489   1.58364   0.790249   0.499007   2.53333   1.26415
0.018197   1.58365   0.790164   0.498952   2.53307   1.26388
0.020893   1.58366   0.790051   0.498878   2.53273   1.26352
0.0239883   1.58366   0.789903   0.498782   2.53228   1.26306
0.0275423   1.58368   0.789707   0.498654   2.5317   1.26244
0.0316228   1.58369   0.789449   0.498486   2.53092   1.26163
0.0363078   1.58371   0.78911   0.498265   2.52989   1.26056
0.0416869   1.58374   0.788662   0.497973   2.52854   1.25915
0.047863   1.58378   0.788072   0.497589   2.52676   1.25729
0.0549541   1.58383   0.787295   0.497084   2.52439   1.25484
0.0630957   1.58389   0.786272   0.496418   2.52127   1.25161
0.0724436   1.58397   0.784925   0.495543   2.51714   1.24735
0.0831764   1.58407   0.783153   0.494391   2.51166   1.24174
0.0954993   1.58421   0.780822   0.492879   2.50439   1.23436
0.109648   1.58438   0.77776   0.490894   2.49472   1.22464
0.125893   1.58459   0.773741   0.488293   2.48184   1.21187
0.144544   1.58484   0.768473   0.48489   2.46465   1.19508
0.165959   1.58514   0.761581   0.48045   2.44165   1.17309
0.190546   1.58548   0.752585   0.474674   2.41081   1.14435
0.218776   1.58582   0.740881   0.467192   2.36947   1.107
0.251189   1.58609   0.725718   0.457551   2.31412   1.05883
0.288403   1.58617   0.706185   0.445215   2.24047   0.997488
0.331131   1.5858   0.68121   0.42957   2.1436   0.920823
0.380189   1.58455   0.649594   0.409954   2.01881   0.827619
0.436516   1.58175   0.610105   0.385715   1.86316   0.718647
0.501187   1.57634   0.561666   0.35631   1.67761   0.59775
0.57544   1.56682   0.503676   0.321464   1.469   0.472229
0.660693   1.55131   0.436498   0.281375   1.25002   0.351723
0.758578   1.52777   0.362047   0.236977   1.03634   0.245588
0.870964   1.49472   0.284268   0.190181   0.841803   0.160095
1   1.4521   0.209049   0.143963   0.674674   0.097128
1.14815   1.40207   0.143064   0.102038   0.536801   0.0547739
1.31826   1.34926   0.0916196   0.0679037   0.425358   0.0288834
1.51356   1.29971   0.0566013   0.0435493   0.335579   0.0146142
1.7378   1.2588   0.0359767   0.0285802   0.262983   0.0075161
1.99526   1.22653   0.0251722   0.0205231   0.204774   0.0042026
2.29087   1.19704   0.0194552   0.0162527   0.159172   0.00258698
2.63027   1.15813   0.0157695   0.0136163   0.124804   0.00169937
3.01995   1.11726   0.0129056   0.0115511   0.0981383   0.0011336
3.46737   1.07534   0.0105988   0.00985622   0.0773482   0.000762361
3.98107   1.04107   0.0090021   0.00864695   0.0606063   0.000524059
4.57088   1.0234   0.00803481   0.00785108   0.0467684   0.000367182
5.24807   1.01659   0.00744702   0.00732552   0.0357154   0.000261634
6.0256   1.01398   0.00704624   0.0069491   0.0271625   0.000188755
6.91831   1.01228   0.00673112   0.00664943   0.0206394   0.00013724
7.94328   1.01067   0.00646673   0.00639845   0.0156816   0.000100338
9.12011   1.00909   0.00624027   0.00618407   0.0119144   7.36792e-05
10.4713   1.00757   0.00604369   0.00599829   0.0090516   5.42941e-05
12.0226   1.00612   0.00587077   0.00583506   0.00687623   4.01232e-05
13.8038   1.00472   0.00571648   0.00568961   0.00522341   2.97192e-05
15.8489   1.00334   0.00557645   0.00555791   0.00396783   2.20528e-05
18.197   1.00211   0.00544706   0.00543559   0.00301359   1.63806e-05
20.893   1.00141   0.00533088   0.00532335   0.00228763   1.21779e-05
23.9883   1.00083   0.00524025   0.00523593   0.00173637   9.09149e-06
27.5423   1.00042   0.00517523   0.00517305   0.0013177   6.81652e-06
31.6228   1.00022   0.00512843   0.0051273   0.000999781   5.12618e-06
36.3078   1.00012   0.0050944   0.00509381   0.000758489   3.8636e-06
41.6869   1.00006   0.00506952   0.00506921   0.000575404   2.91684e-06
47.863   1.00003   0.00505128   0.00505111   0.000436501   2.20481e-06
54.9541   1.00002   0.00503787   0.00503777   0.000331125   1.66813e-06
63.0957   1.00001   0.00502799   0.00502794   0.000251186   1.26295e-06
72.4436   1.00001   0.00502071   0.00502068   0.000190545   9.56666e-07
83.1764   1   0.00501533   0.00501532   0.000144544   7.24932e-07
95.4993   1   0.00501136   0.00501135   0.000109648   5.49483e-07
109.648   1   0.00500842   0.00500842   8.31763e-05   4.16582e-07
125.893   1   0.00500625   0.00500624   6.30957e-05   3.15872e-07
144.544   1   0.00500464   0.00500463   4.7863e-05   2.39537e-07
165.959   1   0.00500344   0.00500344   3.63078e-05   1.81664e-07
190.546   1   0.00500256   0.00500256   2.75423e-05   1.37782e-07
218.776   1   0.0050019   0.0050019   2.0893e-05   1.04505e-07
251.189   1   0.00500141   0.00500141   1.58489e-05   7.92671e-08
288.403   1   0.00500105   0.00500105   1.20226e-05   6.01259e-08
331.131   1   0.00500078   0.00500078   9.12011e-06   4.56077e-08
380.189   1   0.00500058   0.00500058   6.91831e-06   3.45956e-08
436.516   1   0.00500043   0.00500043   5.24807e-06   2.62426e-08
501.187   1   0.00500032   0.00500032   3.98107e-06   1.99066e-08
575.44   1   0.00500024   0.00500024   3.01995e-06   1.51005e-08
660.693   1   0.00500018   0.00500018   2.29087e-06   1.14547e-08
758.578   1   0.00500013   0.00500013   1.7378e-06   8.68924e-09
870.964   1   0.0050001   0.0050001   1.31826e-06   6.59142e-09
1000   1   0.00500007   0.00500007   1e-06   5.00007e-09
