1e-06   18.9585
1.02802e-06   18.9588
1.05682e-06   18.9591
1.08643e-06   18.9593
1.11686e-06   18.9596
1.14815e-06   18.9599
1.18032e-06   18.9602
1.21339e-06   18.9604
1.24738e-06   18.9608
1.28233e-06   18.9611
1.31826e-06   18.9614
1.35519e-06   18.9617
1.39316e-06   18.9621
1.43219e-06   18.9624
1.47231e-06   18.9628
1.51356e-06   18.9631
1.55597e-06   18.9635
1.59956e-06   18.9639
1.64437e-06   18.9643
1.69044e-06   18.9647
1.7378e-06   18.9651
1.78649e-06   18.9656
1.83654e-06   18.966
1.88799e-06   18.9665
1.94089e-06   18.9669
1.99526e-06   18.9674
2.05116e-06   18.9679
2.10863e-06   18.9684
2.1677e-06   18.9689
2.22844e-06   18.9695
2.29087e-06   18.97
2.35505e-06   18.9706
2.42103e-06   18.9712
2.48886e-06   18.9718
2.55859e-06   18.9724
2.63027e-06   18.9731
2.70396e-06   18.9737
2.77971e-06   18.9744
2.85759e-06   18.9751
2.93765e-06   18.9758
3.01995e-06   18.9765
3.10456e-06   18.9773
3.19154e-06   18.9781
3.28095e-06   18.9789
3.37287e-06   18.9797
3.46737e-06   18.9805
3.56451e-06   18.9814
3.66438e-06   18.9823
3.76704e-06   18.9832
3.87258e-06   18.9841
3.98107e-06   18.9851
4.09261e-06   18.9861
4.20727e-06   18.9871
4.32514e-06   18.9882
4.44631e-06   18.9892
4.57088e-06   18.9904
4.69894e-06   18.9915
4.83059e-06   18.9927
4.96592e-06   18.9939
5.10505e-06   18.9951
5.24807e-06   18.9964
5.39511e-06   18.9977
5.54626e-06   18.999
5.70164e-06   19.0004
5.86138e-06   19.0018
6.0256e-06   19.0033
6.19441e-06   19.0048
6.36796e-06   19.0064
6.54636e-06   19.008
6.72977e-06   19.0096
6.91831e-06   19.0113
7.11214e-06   19.013
7.31139e-06   19.0148
7.51623e-06   19.0166
7.72681e-06   19.0185
7.94328e-06   19.0204
8.16582e-06   19.0224
8.3946e-06   19.0244
8.62979e-06   19.0265
8.87156e-06   19.0287
9.12011e-06   19.0309
9.37562e-06   19.0332
9.63829e-06   19.0355
9.90832e-06   19.0379
1.01859e-05   19.0404
1.04713e-05   19.0429
1.07647e-05   19.0455
1.10662e-05   19.0482
1.13763e-05   19.051
1.1695e-05   19.0538
1.20226e-05   19.0567
1.23595e-05   19.0597
1.27057e-05   19.0628
1.30617e-05   19.066
1.34276e-05   19.0692
1.38038e-05   19.0726
1.41906e-05   19.076
1.45881e-05   19.0796
1.49968e-05   19.0832
1.5417e-05   19.087
1.58489e-05   19.0908
1.6293e-05   19.0948
1.67494e-05   19.0988
1.72187e-05   19.103
1.77011e-05   19.1073
1.8197e-05   19.1117
1.87068e-05   19.1163
1.92309e-05   19.1209
1.97697e-05   19.1257
2.03236e-05   19.1307
2.0893e-05   19.1357
2.14783e-05   19.1409
2.208e-05   19.1463
2.26986e-05   19.1518
2.33346e-05   19.1575
2.39883e-05   19.1633
2.46604e-05   19.1693
2.53513e-05   19.1754
2.60615e-05   19.1818
2.67917e-05   19.1883
2.75423e-05   19.1949
2.83139e-05   19.2018
2.91072e-05   19.2089
2.99226e-05   19.2161
3.0761e-05   19.2236
3.16228e-05   19.2313
3.25087e-05   19.2392
3.34195e-05   19.2473
3.43558e-05   19.2556
3.53183e-05   19.2642
3.63078e-05   19.273
3.7325e-05   19.282
3.83707e-05   19.2914
3.94457e-05   19.3009
4.05509e-05   19.3108
4.16869e-05   19.3209
4.28549e-05   19.3313
4.40555e-05   19.342
4.52898e-05   19.353
4.65586e-05   19.3642
4.7863e-05   19.3759
4.9204e-05   19.3878
5.05825e-05   19.4001
5.19996e-05   19.4127
5.34564e-05   19.4257
5.49541e-05   19.439
5.64937e-05   19.4527
5.80764e-05   19.4668
5.97035e-05   19.4813
6.13762e-05   19.4961
6.30957e-05   19.5115
6.48634e-05   19.5272
6.66807e-05   19.5434
6.85488e-05   19.56
7.04693e-05   19.5771
7.24436e-05   19.5947
7.44732e-05   19.6127
7.65597e-05   19.6313
7.87046e-05   19.6504
8.09096e-05   19.67
8.31764e-05   19.6902
8.55067e-05   19.7109
8.79023e-05   19.7322
9.03649e-05   19.7541
9.28966e-05   19.7767
9.54993e-05   19.7998
9.81748e-05   19.8236
0.000100925   19.8481
0.000103753   19.8732
0.00010666   19.8991
0.000109648   19.9257
0.00011272   19.953
0.000115878   19.9811
0.000119124   20.01
0.000122462   20.0396
0.000125893   20.0702
0.00012942   20.1015
0.000133045   20.1338
0.000136773   20.1669
0.000140605   20.201
0.000144544   20.236
0.000148594   20.272
0.000152757   20.309
0.000157036   20.3471
0.000161436   20.3862
0.000165959   20.4264
0.000170608   20.4677
0.000175388   20.5102
0.000180302   20.5539
0.000185353   20.5988
0.000190546   20.6449
0.000195884   20.6924
0.000201372   20.7411
0.000207014   20.7913
0.000212814   20.8428
0.000218776   20.8957
0.000224905   20.9502
0.000231206   21.0062
0.000237684   21.0637
0.000244343   21.1228
0.000251189   21.1836
0.000258226   21.2461
0.000265461   21.3103
0.000272898   21.3763
0.000280543   21.4442
0.000288403   21.514
0.000296483   21.5857
0.000304789   21.6594
0.000313329   21.7352
0.000322107   21.813
0.000331131   21.8931
0.000340408   21.9754
0.000349945   22.06
0.000359749   22.1469
0.000369828   22.2363
0.000380189   22.3281
0.000390841   22.4226
0.000401791   22.5196
0.000413048   22.6194
0.00042462   22.7219
0.000436516   22.8273
0.000448745   22.9356
0.000461318   23.047
0.000474242   23.1614
0.000487528   23.2791
0.000501187   23.4
0.000515229   23.5242
0.000529663   23.652
0.000544503   23.7833
0.000559758   23.9182
0.00057544   24.0569
0.000591562   24.1995
0.000608135   24.346
0.000625173   24.4966
0.000642688   24.6513
0.000660693   24.8104
0.000679204   24.9739
0.000698232   25.1419
0.000717794   25.3146
0.000737904   25.4921
0.000758578   25.6746
0.00077983   25.862
0.000801678   26.0547
0.000824138   26.2527
0.000847227   26.4563
0.000870964   26.6654
0.000895365   26.8804
0.00092045   27.1013
0.000946237   27.3283
0.000972747   27.5616
0.001   27.8013
0.00102802   28.0477
0.00105682   28.3009
0.00108643   28.5611
0.00111686   28.8285
0.00114815   29.1032
0.00118032   29.3856
0.00121339   29.6757
0.00124738   29.9739
0.00128233   30.2802
0.00131826   30.595
0.00135519   30.9185
0.00139316   31.2509
0.00143219   31.5924
0.00147231   31.9433
0.00151356   32.3039
0.00155597   32.6743
0.00159956   33.055
0.00164437   33.4461
0.00169044   33.8479
0.0017378   34.2607
0.00178649   34.6848
0.00183654   35.1205
0.00188799   35.5682
0.00194089   36.0281
0.00199526   36.5005
0.00205116   36.9859
0.00210863   37.4845
0.0021677   37.9967
0.00222844   38.5228
0.00229087   39.0632
0.00235505   39.6184
0.00242103   40.1886
0.00248886   40.7743
0.00255859   41.3759
0.00263027   41.9937
0.00270396   42.6284
0.00277971   43.2801
0.00285759   43.9495
0.00293765   44.6369
0.00301995   45.3429
0.00310456   46.0678
0.00319154   46.8123
0.00328095   47.5768
0.00337287   48.3617
0.00346737   49.1677
0.00356451   49.9953
0.00366438   50.845
0.00376704   51.7173
0.00387258   52.613
0.00398107   53.5324
0.00409261   54.4763
0.00420727   55.4452
0.00432514   56.4398
0.00444631   57.4607
0.00457088   58.5085
0.00469894   59.584
0.00483059   60.6878
0.00496592   61.8205
0.00510505   62.9829
0.00524807   64.1758
0.00539511   65.3997
0.00554626   66.6556
0.00570164   67.9441
0.00586138   69.266
0.0060256   70.6222
0.00619441   72.0133
0.00636796   73.4403
0.00654636   74.9039
0.00672977   76.4051
0.00691831   77.9446
0.00711214   79.5233
0.00731139   81.1421
0.00751623   82.802
0.00772681   84.5038
0.00794328   86.2484
0.00816582   88.0369
0.0083946   89.8701
0.00862979   91.7489
0.00887156   93.6745
0.00912011   95.6477
0.00937562   97.6695
0.00963829   99.741
0.00990832   101.863
0.0101859   104.037
0.0104713   106.264
0.0107647   108.544
0.0110662   110.879
0.0113763   113.27
0.011695   115.718
0.0120226   118.224
0.0123595   120.788
0.0127057   123.413
0.0130617   126.099
0.0134276   128.847
0.0138038   131.658
0.0141906   134.534
0.0145881   137.475
0.0149968   140.482
0.015417   143.556
0.0158489   146.699
0.016293   149.911
0.0167494   153.193
0.0172187   156.546
0.0177011   159.972
0.018197   163.47
0.0187068   167.042
0.0192309   170.689
0.0197697   174.411
0.0203236   178.21
0.020893   182.085
0.0214783   186.038
0.02208   190.069
0.0226986   194.178
0.0233346   198.367
0.0239883   202.635
0.0246604   206.983
0.0253513   211.411
0.0260615   215.919
0.0267917   220.508
0.0275423   225.177
0.0283139   229.926
0.0291072   234.756
0.0299226   239.665
0.030761   244.653
0.0316228   249.719
0.0325087   254.864
0.0334195   260.085
0.0343558   265.383
0.0353183   270.755
0.0363078   276.201
0.037325   281.719
0.0383707   287.307
0.0394457   292.963
0.0405509   298.685
0.0416869   304.471
0.0428549   310.319
0.0440555   316.225
0.0452898   322.187
0.0465586   328.2
0.047863   334.263
0.049204   340.37
0.0505825   346.519
0.0519996   352.703
0.0534564   358.92
0.0549541   365.164
0.0564937   371.429
0.0580764   377.71
0.0597035   384.001
0.0613762   390.295
0.0630957   396.587
0.0648634   402.869
0.0666807   409.134
0.0685488   415.375
0.0704693   421.582
0.0724436   427.748
0.0744732   433.864
0.0765597   439.92
0.0787046   445.908
0.0809096   451.818
0.0831764   457.638
0.0855067   463.359
0.0879023   468.969
0.0903649   474.458
0.0928966   479.813
0.0954993   485.022
0.0981748   490.074
0.100925   494.956
0.103753   499.654
0.10666   504.157
0.109648   508.45
0.11272   512.52
0.115878   516.354
0.119124   519.938
0.122462   523.258
0.125893   526.3
0.12942   529.05
0.133045   531.496
0.136773   533.622
0.140605   535.415
0.144544   536.863
0.148594   537.952
0.152757   538.67
0.157036   539.004
0.161436   538.942
0.165959   538.475
0.170608   537.59
0.175388   536.278
0.180302   534.531
0.185353   532.339
0.190546   529.697
0.195884   526.597
0.201372   523.035
0.207014   519.007
0.212814   514.51
0.218776   509.544
0.224905   504.108
0.231206   498.204
0.237684   491.836
0.244343   485.008
0.251189   477.728
0.258226   470.003
0.265461   461.844
0.272898   453.262
0.280543   444.272
0.288403   434.888
0.296483   425.128
0.304789   415.011
0.313329   404.558
0.322107   393.792
0.331131   382.736
0.340408   371.416
0.349945   359.86
0.359749   348.096
0.369828   336.153
0.380189   324.064
0.390841   311.858
0.401791   299.57
0.413048   287.232
0.42462   274.878
0.436516   262.541
0.448745   250.256
0.461318   238.056
0.474242   225.974
0.487528   214.042
0.501187   202.293
0.515229   190.756
0.529663   179.46
0.544503   168.434
0.559758   157.702
0.57544   147.289
0.591562   137.217
0.608135   127.504
0.625173   118.168
0.642688   109.224
0.660693   100.683
0.679204   92.5546
0.698232   84.8459
0.717794   77.5606
0.737904   70.7002
0.758578   64.2636
0.77983   58.247
0.801678   52.6444
0.824138   47.4475
0.847227   42.6461
0.870964   38.2279
0.895365   34.1791
0.92045   30.4842
0.946237   27.1266
0.972747   24.0888
1   21.3523
1.02802   18.8982
1.05682   16.7071
1.08643   14.7598
1.11686   13.037
1.14815   11.5196
1.18032   10.1892
1.21339   9.02783
1.24738   8.01849
1.28233   7.14488
1.31826   6.39171
1.35519   5.74474
1.39316   5.19077
1.43219   4.71769
1.47231   4.31452
1.51356   3.97132
1.55597   3.67923
1.59956   3.43039
1.64437   3.2179
1.69044   3.03574
1.7378   2.87871
1.78649   2.74239
1.83654   2.623
1.88799   2.5174
1.94089   2.42296
1.99526   2.33752
2.05116   2.25933
2.10863   2.18696
2.1677   2.11928
2.22844   2.05539
2.29087   1.99461
2.35505   1.93638
2.42103   1.88031
2.48886   1.82608
2.55859   1.77345
2.63027   1.72226
2.70396   1.67239
2.77971   1.62375
2.85759   1.57627
2.93765   1.5299
3.01995   1.48462
3.10456   1.44041
3.19154   1.39724
3.28095   1.3551
3.37287   1.31399
3.46737   1.27389
3.56451   1.23479
3.66438   1.19669
3.76704   1.15957
3.87258   1.12343
3.98107   1.08826
4.09261   1.05404
4.20727   1.02076
4.32514   0.988415
4.44631   0.956985
4.57088   0.926457
4.69894   0.896817
4.83059   0.868048
4.96592   0.840135
5.10505   0.813061
5.24807   0.786809
5.39511   0.761362
5.54626   0.736701
5.70164   0.712808
5.86138   0.689666
6.0256   0.667255
6.19441   0.645556
6.36796   0.624552
6.54636   0.604223
6.72977   0.584551
6.91831   0.565517
7.11214   0.547103
7.31139   0.529289
7.51623   0.51206
7.72681   0.495395
7.94328   0.479279
8.16582   0.463694
8.3946   0.448623
8.62979   0.434049
8.87156   0.419957
9.12011   0.406331
9.37562   0.393155
9.63829   0.380416
9.90832   0.368097
10.1859   0.356186
10.4713   0.344669
10.7647   0.333533
11.0662   0.322764
11.3763   0.31235
11.695   0.30228
12.0226   0.292542
12.3595   0.283125
12.7057   0.274017
13.0617   0.265209
13.4276   0.256691
13.8038   0.248452
14.1906   0.240483
14.5881   0.232776
14.9968   0.225321
15.417   0.218109
15.8489   0.211134
16.293   0.204386
16.7494   0.197858
17.2187   0.191544
17.7011   0.185435
18.197   0.179525
18.7068   0.173807
19.2309   0.168274
19.7697   0.162922
20.3236   0.157743
20.893   0.152732
21.4783   0.147884
22.08   0.143192
22.6986   0.138652
23.3346   0.134259
23.9883   0.130007
24.6604   0.125893
25.3513   0.121911
26.0615   0.118058
26.7917   0.114329
27.5423   0.11072
28.3139   0.107226
29.1072   0.103845
29.9226   0.100573
30.761   0.0974052
31.6228   0.0943392
32.5087   0.0913715
33.4195   0.0884987
34.3558   0.0857178
35.3183   0.0830258
36.3078   0.0804198
37.325   0.077897
38.3707   0.0754547
39.4457   0.0730902
40.5509   0.0708011
41.6869   0.0685848
42.8549   0.0664391
44.0555   0.0643615
45.2898   0.06235
46.5586   0.0604024
47.863   0.0585166
49.204   0.0566906
50.5825   0.0549225
51.9996   0.0532104
53.4564   0.0515525
54.9541   0.0499471
56.4937   0.0483924
58.0764   0.0468868
59.7035   0.0454288
61.3762   0.0440168
63.0957   0.0426494
64.8634   0.0413251
66.6807   0.0400425
68.5488   0.0388003
70.4693   0.0375972
72.4436   0.0364319
74.4732   0.0353033
76.5597   0.0342101
78.7046   0.0331513
80.9096   0.0321257
83.1764   0.0311322
85.5067   0.03017
87.9023   0.0292378
90.3649   0.0283349
92.8966   0.0274602
95.4993   0.0266129
98.1748   0.0257921
100.925   0.024997
103.753   0.0242267
106.66   0.0234804
109.648   0.0227575
112.72   0.022057
115.878   0.0213785
119.124   0.020721
122.462   0.0200841
125.893   0.0194669
129.42   0.018869
133.045   0.0182897
136.773   0.0177284
140.605   0.0171845
144.544   0.0166575
148.594   0.0161469
152.757   0.0156521
157.036   0.0151726
161.436   0.0147081
165.959   0.0142579
170.608   0.0138216
175.388   0.0133989
180.302   0.0129892
185.353   0.0125923
190.546   0.0122076
195.884   0.0118347
201.372   0.0114734
207.014   0.0111233
212.814   0.0107839
218.776   0.0104551
224.905   0.0101363
231.206   0.00982745
237.684   0.00952806
244.343   0.0092379
251.189   0.00895667
258.226   0.00868409
265.461   0.0084199
272.898   0.00816383
280.543   0.00791563
288.403   0.00767506
296.483   0.00744188
304.789   0.00721586
313.329   0.00699677
322.107   0.00678441
331.131   0.00657856
340.408   0.00637901
349.945   0.00618559
359.749   0.00599808
369.828   0.00581632
380.189   0.00564012
390.841   0.00546932
401.791   0.00530373
413.048   0.00514321
424.62   0.0049876
436.516   0.00483674
448.745   0.00469048
461.318   0.0045487
474.242   0.00441124
487.528   0.00427797
501.187   0.00414877
515.229   0.0040235
529.663   0.00390206
544.503   0.00378431
559.758   0.00367016
575.44   0.00355947
591.562   0.00345216
608.135   0.00334811
625.173   0.00324722
642.688   0.0031494
660.693   0.00305456
679.204   0.0029626
698.232   0.00287343
717.794   0.00278697
737.904   0.00270313
758.578   0.00262184
779.83   0.00254301
801.678   0.00246657
824.138   0.00239246
847.227   0.00232058
870.964   0.00225089
895.365   0.00218331
920.45   0.00211777
946.237   0.00205421
972.747   0.00199258
1000   0.00193282
1028.02   0.00187486
1056.82   0.00181865
1086.43   0.00176415
1116.86   0.00171129
1148.15   0.00166002
1180.32   0.00161031
1213.39   0.00156209
1247.38   0.00151533
1282.33   0.00146999
1318.26   0.00142601
1355.19   0.00138335
1393.16   0.00134198
1432.19   0.00130186
1472.31   0.00126295
1513.56   0.00122521
1555.97   0.0011886
1599.56   0.0011531
1644.37   0.00111867
1690.44   0.00108527
1737.8   0.00105288
1786.49   0.00102146
1836.54   0.000990984
1887.99   0.000961425
1940.89   0.000932755
1995.26   0.000904946
2051.16   0.000877972
2108.63   0.000851809
2167.7   0.00082643
2228.44   0.000801813
2290.87   0.000777935
2355.05   0.000754773
2421.03   0.000732305
2488.86   0.000710511
2558.59   0.00068937
2630.27   0.000668862
2703.96   0.000648969
2779.71   0.000629672
2857.59   0.000610952
2937.65   0.000592793
3019.95   0.000575178
3104.56   0.000558089
3191.54   0.000541511
3280.95   0.00052543
3372.87   0.000509829
3467.37   0.000494694
3564.51   0.000480012
3664.38   0.000465768
3767.04   0.00045195
3872.58   0.000438544
3981.07   0.000425539
4092.61   0.000412922
4207.27   0.000400681
4325.14   0.000388806
4446.31   0.000377285
4570.88   0.000366107
4698.94   0.000355263
4830.59   0.000344742
4965.92   0.000334534
5105.05   0.000324631
5248.07   0.000315023
5395.11   0.000305701
5546.26   0.000296656
5701.64   0.000287881
5861.38   0.000279366
6025.6   0.000271106
6194.41   0.000263091
6367.96   0.000255314
6546.36   0.000247769
6729.77   0.000240447
6918.31   0.000233344
7112.14   0.000226452
7311.39   0.000219764
7516.23   0.000213275
7726.81   0.000206979
7943.28   0.00020087
8165.82   0.000194942
8394.6   0.00018919
8629.79   0.000183609
8871.56   0.000178194
9120.11   0.000172939
9375.62   0.00016784
9638.29   0.000162892
9908.32   0.000158091
10185.9   0.000153432
10471.3   0.000148911
10764.7   0.000144524
11066.2   0.000140267
11376.3   0.000136137
11695   0.000132128
12022.6   0.000128238
12359.5   0.000124464
12705.7   0.000120801
13061.7   0.000117246
13427.6   0.000113797
13803.8   0.000110449
14190.6   0.000107201
14588.1   0.000104049
14996.8   0.00010099
15417   9.80208e-05
15848.9   9.51398e-05
16293   9.2344e-05
16749.4   8.96307e-05
17218.7   8.69976e-05
17701.1   8.44422e-05
18197   8.19623e-05
18706.8   7.95556e-05
19230.9   7.72199e-05
19769.7   7.49532e-05
20323.6   7.27533e-05
20893   7.06183e-05
21478.3   6.85463e-05
22080   6.65354e-05
22698.6   6.45838e-05
23334.6   6.26897e-05
23988.3   6.08514e-05
24660.4   5.90673e-05
25351.3   5.73358e-05
26061.5   5.56553e-05
26791.7   5.40242e-05
27542.3   5.24413e-05
28313.9   5.09049e-05
29107.2   4.94137e-05
29922.6   4.79665e-05
30761   4.65618e-05
31622.8   4.51985e-05
32508.7   4.38753e-05
33419.5   4.2591e-05
34355.8   4.13444e-05
35318.3   4.01345e-05
36307.8   3.89602e-05
37325   3.78205e-05
38370.7   3.67142e-05
39445.7   3.56404e-05
40550.9   3.45982e-05
41686.9   3.35866e-05
42854.9   3.26047e-05
44055.5   3.16516e-05
45289.8   3.07266e-05
46558.6   2.98286e-05
47863   2.89571e-05
49204   2.81111e-05
50582.5   2.729e-05
51999.6   2.64929e-05
53456.4   2.57193e-05
54954.1   2.49683e-05
56493.7   2.42393e-05
58076.4   2.35318e-05
59703.5   2.28449e-05
61376.2   2.21782e-05
63095.7   2.15311e-05
64863.4   2.09029e-05
66680.7   2.02931e-05
68548.8   1.97012e-05
70469.3   1.91266e-05
72443.6   1.85689e-05
74473.2   1.80275e-05
76559.7   1.75019e-05
78704.6   1.69917e-05
80909.6   1.64965e-05
83176.4   1.60157e-05
85506.7   1.55491e-05
87902.3   1.5096e-05
90364.9   1.46563e-05
92896.6   1.42294e-05
95499.3   1.3815e-05
98174.8   1.34127e-05
100925   1.30221e-05
103753   1.2643e-05
106660   1.2275e-05
109648   1.19177e-05
112720   1.15708e-05
115878   1.12341e-05
119124   1.09073e-05
122462   1.059e-05
125893   1.02819e-05
129420   9.98286e-06
133045   9.69254e-06
136773   9.4107e-06
140605   9.13708e-06
144544   8.87145e-06
148594   8.61358e-06
152757   8.36322e-06
157036   8.12018e-06
161436   7.88422e-06
165959   7.65515e-06
170608   7.43275e-06
175388   7.21684e-06
180302   7.00723e-06
185353   6.80373e-06
190546   6.60616e-06
195884   6.41435e-06
201372   6.22814e-06
207014   6.04734e-06
212814   5.87182e-06
218776   5.70141e-06
224905   5.53596e-06
231206   5.37533e-06
237684   5.21938e-06
244343   5.06797e-06
251189   4.92097e-06
258226   4.77824e-06
265461   4.63968e-06
272898   4.50514e-06
280543   4.37452e-06
288403   4.2477e-06
296483   4.12457e-06
304789   4.00503e-06
313329   3.88896e-06
322107   3.77626e-06
331131   3.66684e-06
340408   3.56061e-06
349945   3.45746e-06
359749   3.35731e-06
369828   3.26008e-06
380189   3.16566e-06
390841   3.074e-06
401791   2.98499e-06
413048   2.89857e-06
424620   2.81467e-06
436516   2.7332e-06
448745   2.65409e-06
461318   2.57728e-06
474242   2.50271e-06
487528   2.43029e-06
501187   2.35999e-06
515229   2.29172e-06
529663   2.22543e-06
544503   2.16107e-06
559758   2.09857e-06
575440   2.03789e-06
591562   1.97897e-06
608135   1.92175e-06
625173   1.8662e-06
642688   1.81226e-06
660693   1.75988e-06
679204   1.70902e-06
698232   1.65964e-06
717794   1.61168e-06
737904   1.56512e-06
758578   1.51991e-06
779830   1.476e-06
801678   1.43337e-06
824138   1.39198e-06
847227   1.35178e-06
870964   1.31275e-06
895365   1.27485e-06
920450   1.23804e-06
946237   1.20231e-06
972747   1.1676e-06
1e+06   1.1339e-06
